tf.Tensor(
[[-0.09646592  0.04388453  0.15326902]
 [ 0.0765382   0.02255454 -0.0220204 ]
 [-0.0662495  -0.12421463 -0.10294966]], shape=(3, 3), dtype=float32)
tf.Tensor(
[[ 0.06694997  0.02106617 -0.01238082]
 [-0.04875608 -0.06645638 -0.05442373]
 [ 0.07118979 -0.00064594  0.07121831]], shape=(3, 3), dtype=float32)
tf.Tensor(
[[-0.03179614 -0.01371307  0.01871933]
 [ 0.0751766   0.1070129  -0.06988493]
 [-0.02794624 -0.05330068 -0.01591975]], shape=(3, 3), dtype=float32)
tf.Tensor(
[[-0.00336326 -0.01542271  0.00887306]
 [-0.02419522  0.0750742  -0.05191009]
 [ 0.04108505 -0.03736936 -0.00373846]], shape=(3, 3), dtype=float32)
tf.Tensor(
[[ 0.06942571  0.01673607  0.08762891]
 [-0.08547939  0.10484221  0.12150645]
 [ 0.04471939  0.04531214  0.02243523]], shape=(3, 3), dtype=float32)
tf.Tensor(
[[ 0.00790377  0.14710456  0.05590374]
 [-0.18805197  0.02881619 -0.07646387]
 [-0.10503182  0.11252618 -0.00626615]], shape=(3, 3), dtype=float32)
tf.Tensor(
[[-0.03733929 -0.06246521  0.05184721]
 [ 0.09292512  0.00371196 -0.02318851]
 [-0.02957212  0.04573593 -0.02689629]], shape=(3, 3), dtype=float32)
tf.Tensor(
[[ 0.08347263  0.00710922  0.04888682]
 [-0.06928213 -0.06712811 -0.04458132]
 [ 0.05804966  0.0179424   0.03436492]], shape=(3, 3), dtype=float32)
tf.Tensor(
[[-0.14164783  0.01772071  0.09429454]
 [ 0.02270898  0.0273172  -0.12388757]
 [ 0.0519858   0.063219   -0.04626216]], shape=(3, 3), dtype=float32)
tf.Tensor(
[[ 0.11960521 -0.0979156   0.06538083]
 [-0.09859669 -0.24353638  0.19415544]
 [ 0.22560768 -0.19195244 -0.01826039]], shape=(3, 3), dtype=float32)
tf.Tensor(
[[-0.03270433  0.05751356 -0.02899747]
 [ 0.05249178  0.05878052 -0.05648655]
 [-0.06378205 -0.02992551  0.05741747]], shape=(3, 3), dtype=float32)
tf.Tensor(
[[ 0.01055213 -0.08032571  0.03054798]
 [ 0.08992142  0.03171091 -0.07000522]
 [-0.02302068 -0.02007564  0.05382502]], shape=(3, 3), dtype=float32)
tf.Tensor(
[[-0.09877044 -0.09376534  0.15926546]
 [ 0.12622873  0.0426769  -0.13386603]
 [-0.03830044  0.0005558   0.01044799]], shape=(3, 3), dtype=float32)
tf.Tensor(
[[-0.09935918  0.09256721 -0.05004956]
 [ 0.15412566 -0.09922141 -0.00762783]
 [-0.02028011 -0.06491474  0.03086017]], shape=(3, 3), dtype=float32)
tf.Tensor(
[[-0.0374957   0.05133113 -0.02829271]
 [ 0.03627348 -0.08342738  0.02461814]
 [ 0.03776312 -0.02705222  0.02357564]], shape=(3, 3), dtype=float32)
tf.Tensor(
[[-0.06577425  0.00817384  0.10726909]
 [-0.05912755 -0.0900782   0.02161041]
 [ 0.06319723  0.00501799 -0.03620623]], shape=(3, 3), dtype=float32)
tf.Tensor(
[[-0.00957911 -0.01171827  0.00522501]
 [-0.00063575  0.02340971 -0.01617041]
 [ 0.01051049 -0.03139581  0.02173098]], shape=(3, 3), dtype=float32)
tf.Tensor(
[[ 0.04304597 -0.05139913 -0.04517453]
 [-0.11304355  0.1001932   0.0961825 ]
 [ 0.07525034  0.03500593 -0.12374169]], shape=(3, 3), dtype=float32)
tf.Tensor(
[[-0.05772569  0.10223331 -0.05292481]
 [-0.1158317   0.10758803 -0.03627886]
 [ 0.12484387 -0.15922669  0.05654709]], shape=(3, 3), dtype=float32)
tf.Tensor(
[[ 0.07712019 -0.0456727  -0.05322045]
 [-0.06753602  0.00676985  0.12294096]
 [-0.0273067   0.04569406 -0.06974021]], shape=(3, 3), dtype=float32)
tf.Tensor(
[[-0.08482764  0.11095347  0.16193596]
 [ 0.00466504 -0.12918708  0.02686302]
 [-0.05240298 -0.08274443 -0.08391188]], shape=(3, 3), dtype=float32)
tf.Tensor(
[[ 0.05563399 -0.02077902  0.0887783 ]
 [-0.06546367 -0.07275677 -0.10471006]
 [ 0.03919862  0.01323379  0.08321404]], shape=(3, 3), dtype=float32)
tf.Tensor(
[[-0.029216    0.03728519 -0.02692805]
 [ 0.01538299  0.04294206 -0.08998539]
 [ 0.01631729 -0.07533216  0.07197212]], shape=(3, 3), dtype=float32)
tf.Tensor(
[[-0.00447867  0.0041965  -0.01814256]
 [ 0.04414186  0.01093728  0.00576189]
 [-0.04877922  0.0108035  -0.01282634]], shape=(3, 3), dtype=float32)
tf.Tensor(
[[ 0.0394453  -0.09388102  0.05484745]
 [-0.01664339 -0.09709735  0.07203701]
 [ 0.02923425 -0.00480235 -0.03045583]], shape=(3, 3), dtype=float32)
tf.Tensor(
[[-0.00315184  0.01324891 -0.03827322]
 [ 0.01157081  0.057239   -0.00890754]
 [-0.01990899 -0.01715852 -0.01670283]], shape=(3, 3), dtype=float32)
tf.Tensor(
[[-0.01207178  0.02522201  0.01175946]
 [ 0.01815844 -0.03748189 -0.04913823]
 [ 0.01919696  0.07966689 -0.04274692]], shape=(3, 3), dtype=float32)
tf.Tensor(
[[ 0.06260698  0.04022792  0.05969131]
 [ 0.08051697 -0.04276967  0.00042766]
 [-0.13635209 -0.1515193   0.06544473]], shape=(3, 3), dtype=float32)
tf.Tensor(
[[-0.00123935  0.01510054  0.03933048]
 [-0.09087242 -0.00730406 -0.022687  ]
 [ 0.04579875  0.03619427 -0.03718005]], shape=(3, 3), dtype=float32)
tf.Tensor(
[[-0.01896643  0.07036304  0.02806736]
 [-0.0206453  -0.11174268 -0.09047304]
 [ 0.08236261  0.04759531  0.04187178]], shape=(3, 3), dtype=float32)
tf.Tensor(
[[-0.09846691  0.08906594 -0.03791817]
 [ 0.06689656 -0.01355527  0.0117174 ]
 [-0.03901952  0.04356601 -0.04781342]], shape=(3, 3), dtype=float32)
tf.Tensor(
[[ 0.0056793   0.06581161 -0.03965715]
 [-0.02002333 -0.01793327 -0.01748182]
 [-0.04000673  0.0035089   0.04662318]], shape=(3, 3), dtype=float32)